
Reading entry from 0x14d82d0 ... 
219 entries stored in matrix at 0x14d8510.

matrix at 0x14d8510 ...
  790 (104,37)  -803 (99,50)   675 (35,54)   144 (76,38)   137 (16,61) 
 -772 (17,33)   747 (48,3)  -228 (63,62)    -6 (98,45)   146 (69,5) 
  400 (5,62)   663 (75,58)   318 (6,25)   -33 (37,21)   497 (63,1) 
  -69 (31,22)  -143 (12,50)  -331 (109,26)  -315 (23,16)   322 (100,47) 
  583 (113,31)   622 (24,1)  -307 (80,60)   752 (2,33)    79 (2,59) 
  267 (111,5)   660 (33,16)   617 (88,59)   183 (72,27)   245 (21,20) 
  688 (16,30)   664 (108,60)    34 (75,34)   769 (38,8)    24 (72,22) 
  207 (49,44)  -661 (49,20)  -539 (24,16)   231 (2,20)   692 (7,4) 
  585 (80,15)   398 (92,61)   457 (100,19)  -466 (108,15)   658 (28,8) 
  786 (73,30)   373 (51,16)    84 (104,34)   405 (51,18)  -469 (69,6) 
   56 (57,37)   111 (64,19)  -277 (30,57)   -24 (85,20)   259 (20,22) 
  389 (71,14)   594 (45,47)   790 (60,15)  -458 (98,17)   717 (81,53) 
 -336 (78,13)  -803 (73,42)   115 (12,34)   555 (76,21)   540 (2,51) 
  741 (77,5)  -291 (48,35)  -138 (57,7)  -204 (1,29)    53 (42,56) 
  820 (35,5)  -695 (57,12)   535 (84,50)   705 (46,29)  -495 (76,31) 
 -314 (113,1)    85 (47,6)  -635 (48,17)    -9 (45,43)   772 (38,41) 
  698 (78,56)   213 (70,52)   816 (107,35)  -285 (69,62)   497 (64,47) 
 -128 (40,31)    79 (80,57)   442 (106,12)   189 (55,61)  -291 (69,53) 
 -496 (21,4)   170 (22,57)  -732 (15,14)   716 (12,15)   683 (103,58) 
    2 (26,30)  -537 (49,46)   197 (70,7)  -650 (82,7)    86 (49,35) 
 -457 (69,13)  -195 (84,8)  -753 (19,4)   661 (5,44)  -313 (105,47) 
  593 (93,18)   588 (79,42)   688 (8,19)  -147 (27,4)   439 (85,43) 
  783 (32,33)   375 (18,37)   568 (38,11)  -723 (114,32)   498 (69,11) 
  438 (74,60)  -813 (10,46)   174 (108,7)   326 (85,40)   131 (71,22) 
  160 (67,4)    12 (29,43)  -329 (20,48)   574 (101,24)  -277 (8,52) 
 -630 (108,8)  -378 (77,6)   677 (91,49)   238 (15,45)  -377 (113,55) 
  605 (107,27)   781 (109,38)  -358 (73,7)   770 (57,6)   637 (113,59) 
  -13 (28,15)   166 (96,16)  -795 (91,4)    89 (98,55)  -513 (71,49) 
  608 (97,9)  -642 (46,8)   722 (71,36)   256 (64,6)   796 (68,49) 
  211 (47,10)  -468 (14,53)   212 (110,56)   431 (64,17)   360 (38,28) 
  680 (83,29)   757 (87,59)  -462 (103,30)   287 (87,18)   400 (43,50) 
  367 (13,29)   440 (24,10)  -382 (82,21)   765 (32,43)  -565 (19,46) 
  202 (38,22)  -271 (72,21)   196 (58,30)   600 (45,26)   409 (27,15) 
 -339 (79,12)  -662 (86,57)    86 (66,45)   694 (4,13)   330 (73,3) 
  677 (104,41)  -126 (12,46)   672 (70,42)  -333 (73,18)   337 (101,27) 
  -38 (102,34)   458 (29,14)   289 (34,46)  -477 (66,55)  -668 (59,34) 
  606 (90,26)   370 (84,42)   356 (106,26)  -152 (98,15)  -680 (27,26) 
 -385 (87,26)    39 (22,49)    81 (105,44)   787 (13,14)   161 (99,15) 
 -499 (99,6)  -476 (44,57)  -781 (3,11)   -71 (68,13)    57 (59,23) 
 -805 (95,59)   656 (72,15)  -793 (53,29)  -424 (112,52)   592 (7,53) 
  422 (72,10)    73 (113,18)   -61 (98,35)  -214 (75,11)   643 (84,4) 
 -507 (20,8)  -236 (92,3)  -366 (91,45)   583 (17,61)   222 (57,44) 
  261 (103,62)   715 (112,4)  -805 (111,47)   189 (49,6)   579 (2,14) 
  418 (43,60)   287 (7,14)   178 (48,28)   491 (40,22) 


Finding path from (13, 14) to (83, 29) ...
787 (13,14)
-732 (15,14)
238 (15,45)
86 (66,45)
-477 (66,55)
89 (98,55)
-6 (98,45)
-61 (98,35)
816 (107,35)
605 (107,27)
337 (101,27)
183 (72,27)
24 (72,22)
-271 (72,21)
656 (72,15)
585 (80,15)
79 (80,57)
-476 (44,57)
-277 (30,57)
170 (22,57)
39 (22,49)
796 (68,49)
-71 (68,13)
-457 (69,13)
-291 (69,53)
-285 (69,62)
-228 (63,62)
497 (63,1)
622 (24,1)
440 (24,10)
211 (47,10)
85 (47,6)
189 (49,6)
-661 (49,20)
86 (49,35)
207 (49,44)
222 (57,44)
56 (57,37)
-695 (57,12)
-138 (57,7)
770 (57,6)
256 (64,6)
431 (64,17)
111 (64,19)
497 (64,47)
594 (45,47)
-9 (45,43)
600 (45,26)
-680 (27,26)
409 (27,15)
-147 (27,4)
160 (67,4)
643 (84,4)
-195 (84,8)
370 (84,42)
535 (84,50)
-803 (99,50)
161 (99,15)
-499 (99,6)
-378 (77,6)
741 (77,5)
146 (69,5)
-469 (69,6)
498 (69,11)
-214 (75,11)
34 (75,34)
-38 (102,34)
84 (104,34)
790 (104,37)
677 (104,41)
772 (38,41)
360 (38,28)
202 (38,22)
568 (38,11)
769 (38,8)
-642 (46,8)
705 (46,29)
-793 (53,29)
680 (83,29)
